000002|2014-12-31|6271530.00|0|0|0|3640.45|0|189407.00|2943310.00|0|0|0|0|0|4892450.00|0|0|0|0|0|31772600.00|0|0|0|407600.00|46480600.00|0|13318.00|0|0|1923370.00|0|798088.00|314121.00|83285.70|230835.00|0|230835.00|183348.00|0|0|0|0|0|87754.70|0|20169.00|33899.90|0|401620.00|667907.00|4360310.00|50840900.00|238307.00|0|0|0|0|0|2129190.00|6704720.00|18174900.00|0|0|183083.00|512417.00|33651.00|0|0|0|0|4544170.00|0|0|0|0|0|0|0|0|0|0|2044930.00|0|34565400.00|3453670.00|1161220.00|0|0|5342.28|59029.90|6844.14|4686110.00|39251500.00|1103750.00|849363.00|0|0|2607880.00|0|0|4199280.00|0|0|8816460.00|2772900.00|11589400.00|50840900.00
000002|2014-09-30|4874190.00|0|0|0|0|0|173841.00|3232320.00|0|0|0|0|0|4289320.00|0|0|0|0|0|35123500.00|0|0|0|0|47693100.00|0|13418.00|0|0|1639220.00|0|1263900.00|0|0|0|0|181035.00|80096.80|0|0|0|0|0|65050.60|0|20169.00|7665.57|0|408829.00|624893.00|4304270.00|51997400.00|602864.00|0|0|0|224.39|0|2133170.00|6034480.00|19927200.00|0|0|26919.40|296438.00|36841.10|0|0|0|0|5171030.00|0|0|0|0|0|0|0|0|0|0|1383500.00|0|35612700.00|4685690.00|988844.00|0|0|7105.28|79272.70|5590.98|5766500.00|41379200.00|1101710.00|833207.00|0|0|2013540.00|0|0|3864890.00|0|39605.70|7852950.00|2765300.00|10618300.00|51997400.00
000002|2014-06-30|4286170.00|0|0|0|0|0|221024.00|3194580.00|0|0|0|0|0|4306150.00|0|0|0|0|0|34166800.00|0|0|0|0|46174700.00|0|13318.00|0|0|1520850.00|0|1180230.00|256438.00|75561.90|180876.00|0|180876.00|95649.30|0|0|0|0|0|63779.40|0|20169.00|7429.04|0|369923.00|550516.00|4002730.00|50177400.00|658243.00|0|0|0|767.59|0|1660880.00|5966800.00|18153000.00|0|0|33126.00|257529.00|31179.10|0|0|0|0|5284670.00|0|0|0|0|0|0|0|0|0|0|1569920.00|0|33616100.00|4921060.00|990082.00|0|0|7330.27|66027.00|4850.91|5989350.00|39605400.00|1101500.00|831264.00|0|0|2013540.00|0|0|3700000.00|0|42540.60|7688850.00|2883140.00|10572000.00|50177400.00
000002|2014-03-31|3752580.00|0|0|0|0|0|292617.00|3370550.00|0|0|0|0|0|4304210.00|0|0|0|0|0|34056500.00|0|0|0|0|45776400.00|0|243167.00|0|0|1218660.00|0|1044260.00|0|0|0|0|211552.00|94524.50|0|0|0|0|0|48539.50|0|20169.00|6924.96|0|359665.00|487993.00|3735450.00|49511900.00|437678.00|0|0|0|1033.56|0|1403740.00|5559870.00|17672100.00|0|0|155696.00|388905.00|26000.80|0|0|0|0|6137040.00|0|0|0|0|0|0|0|0|0|0|2353090.00|0|34135200.00|4377210.00|746903.00|0|0|6300.54|66382.80|4815.76|5201610.00|39336800.00|1101500.00|824282.00|0|0|2013540.00|0|0|3372020.00|0|43026.40|7354370.00|2820730.00|10175100.00|49511900.00
000001|2013-12-31|22992400.00|0|0|0|2128600.00|7191400.00|2724100.00|0|0|0|0|339700.00|1042100.00|27169200.00|0|0|705800.00|0|1004300.00|84728900.00|1516200.00|0|46700.00|19566700.00|0|0|59600.00|0|11600.00|18465600.00|0|369400.00|0|0|546300.00|756800.00|0|0|0|0|440600.00|400500.00|0|189174100.00|226400.00|0|47342200.00|45078900.00|2263300.00|0|0|291400.00|369200.00|3604900.00|121700200.00|0|0|0|0|0|0|0|420500.00|1660500.00|214900.00|0|0|0|0|5600.00|0|0|810200.00|0|0|718700.00|177966000.00|952100.00|5173400.00|0|0|0|435400.00|1650900.00|0|2996300.00|0|0|0|11208100.00|0|11208100.00|189174100.00
000001|2013-09-30|25684500.00|0|0|0|839600.00|6084900.00|2283300.00|0|0|0|0|135800.00|1437100.00|24715400.00|0|0|474100.00|0|979800.00|83263800.00|1494100.00|0|5817500.00|14002000.00|0|0|50800.00|0|18400.00|18943100.00|0|331200.00|0|0|551000.00|756800.00|0|0|0|0|328800.00|358100.00|0|185561900.00|247300.00|0|41676800.00|39642200.00|2034600.00|0|0|166800.00|360000.00|4229800.00|125236600.00|0|0|0|0|0|0|0|362000.00|1595000.00|136300.00|0|0|0|0|6600.00|0|0|959700.00|0|0|570400.00|176070600.00|819700.00|3942600.00|0|0|0|283000.00|1363300.00|0|3082700.00|0|0|0|9491300.00|0|9491300.00|185561900.00
000001|2013-06-30|23616600.00|0|0|0|321900.00|5991000.00|3603100.00|0|0|0|0|106000.00|2165400.00|30398400.00|0|0|485600.00|0|916500.00|78648400.00|1401700.00|0|9174200.00|10038100.00|0|0|52200.00|0|18700.00|15938900.00|0|334100.00|0|0|562400.00|756800.00|0|0|0|0|251100.00|722100.00|0|182699800.00|126200.00|0|42061900.00|39722100.00|2339800.00|0|0|131800.00|305600.00|9598200.00|117536100.00|0|0|0|0|0|0|0|284600.00|1414200.00|109200.00|0|0|0|0|12800.00|0|0|959200.00|0|0|575800.00|173545600.00|819700.00|4022000.00|0|0|0|283000.00|1363300.00|0|2666200.00|0|0|0|9154200.00|0|9154200.00|182699800.00
000001|2013-03-31|21295200.00|0|0|0|498600.00|7507500.00|5165800.00|0|0|0|0|91300.00|765300.00|34598300.00|0|0|739500.00|0|945000.00|75480100.00|1345600.00|0|8193300.00|10277100.00|0|0|52200.00|0|19300.00|14238100.00|0|341700.00|0|0|574900.00|756800.00|0|0|0|0|294700.00|635800.00|0|181124900.00|140100.00|0|54617600.00|52431500.00|2186100.00|0|0|98800.00|418000.00|6469100.00|106451400.00|0|0|0|0|0|0|0|200900.00|1347400.00|204500.00|0|0|0|0|12800.00|0|0|958700.00|0|126100.00|859100.00|172249000.00|512300.00|4050700.00|0|0|0|283000.00|1363300.00|0|2666600.00|0|0|0|8875900.00|0|8875900.00|181124900.00
000004|2013-12-31|5646.95|0|0|0|0|33.91|376.07|158.36|0|0|0|0|0|2693.64|0|0|0|0|0|8184.70|0|0|0|332.82|17426.40|0|0|0|0|0|0|45.04|7707.45|3453.17|4254.28|145.93|4108.36|87.56|0|0|0|0|0|1224.33|0|36.20|0|0|0|1287.27|6788.76|24215.20|0|0|0|0|0|0|0|1153.85|1547.62|0|0|114.28|285.37|0|801.55|0|0|0|3581.86|0|0|0|0|0|0|0|0|0|0|0|0|7484.53|2200.00|0|0|80.00|0|0|0|2280.00|9764.53|8397.67|61.07|0|0|1106.64|0|0|-1923.34|0|0|7642.05|6808.64|14450.70|24215.20
000004|2013-09-30|5901.14|0|0|0|0|44.31|354.95|1718.55|0|0|0|0|0|1746.51|0|0|0|0|0|6137.47|0|0|0|0|15902.90|0|0|0|0|0|0|50.49|0|0|0|0|4329.89|16.63|0|0|0|0|0|1241.77|0|36.20|0|0|0|83.11|5758.10|21661.00|0|0|0|0|0|0|0|1466.63|190.56|0|0|165.27|-71.16|0|21.22|0|0|0|4347.67|0|0|0|0|0|0|0|0|0|0|0|0|6120.19|0|0|0|80.00|0|0|0|80.00|6200.19|8397.67|61.07|0|0|1106.64|0|0|-1730.85|0|0|7834.54|7626.31|15460.90|21661.00
000004|2013-06-30|5692.82|0|0|0|0|35.88|451.70|1466.71|0|0|0|0|0|817.30|0|0|0|0|0|5465.26|0|0|0|0|13929.70|0|0|0|0|0|0|55.94|7686.56|3245.94|4440.62|0|4440.62|14.07|0|0|0|0|0|1259.21|0|36.20|0|0|0|89.50|5895.55|19825.20|0|0|0|0|0|0|0|1462.53|442.23|0|0|299.99|-127.36|0|21.22|0|0|0|2519.34|0|0|0|0|0|0|0|0|0|0|0|0|4617.95|0|0|0|80.00|0|0|0|80.00|4697.95|8397.67|61.07|0|0|1106.64|0|0|-1814.24|0|0|7751.14|7376.12|15127.30|19825.20
000004|2013-03-31|5178.99|0|0|0|0|70.62|588.58|1775.47|0|0|0|0|0|235.52|0|0|0|0|0|4613.96|0|0|0|0|12463.10|0|0|0|0|0|0|61.39|0|0|0|0|4539.31|14.07|0|0|0|0|0|1035.69|0|36.20|0|0|0|95.89|5782.56|18245.70|0|0|0|0|0|0|0|1351.03|377.24|0|0|160.12|-90.43|0|21.22|0|0|0|1350.62|0|0|0|0|0|0|0|0|0|0|0|0|3169.80|0|0|0|80.00|0|0|0|80.00|3249.80|8397.67|61.07|0|0|1106.64|0|0|-1738.91|0|0|7826.48|7169.42|14995.90|18245.70
000005|2015-09-30|3281.95|0|0|0|0|0|249.59|1342.00|0|0|0|0|0|15686.90|0|0|0|0|0|1532.36|0|0|0|0|22092.80|0|1628.40|0|71065.40|721.41|0|2530.73|0|0|0|0|2413.79|27145.60|0|0|0|0|0|0|0|0|94.29|0|0|5966.43|111566.00|133659.00|3500.00|0|0|0|0|0|0|3873.55|22603.90|0|0|258.59|5784.68|114.10|0.00|0|0|0|26708.50|0|0|0|0|0|0|0|0|0|0|1800.00|0|64643.20|5000.00|0|0|0|27.77|0|0|5027.77|69671.00|91433.40|26977.00|0|0|14951.90|0|0|-54436.90|0|0|63987.90|0|63987.90|133659.00
000005|2015-06-30|3578.06|0|0|0|0|0|202.31|1241.22|0|0|0|0|0|15686.90|0|0|0|0|0|1537.31|0|0|0|0|22245.80|0|1628.40|0|71065.40|721.41|0|2551.31|9679.12|4715.76|4963.36|2427.25|2536.11|27349.00|0|0|0|0|0|0|0|0|95.81|0|0|5966.43|111914.00|134160.00|3500.00|0|0|0|0|0|0|3919.08|22635.50|0|0|251.93|5523.78|114.10|0.00|0|0|0|26735.00|0|0|0|0|0|0|0|0|0|0|1800.00|0|64479.30|5000.00|0|0|0|27.77|0|0|5027.77|69507.10|91433.40|26977.00|0|0|14951.90|0|0|-53772.10|0|0|64652.70|0|64652.70|134160.00
000005|2015-03-31|4726.51|0|0|0|0|0|107.29|1280.84|0|0|0|0|0|16352.20|0|0|0|0|0|1542.91|0|0|0|0|24009.70|0|1628.40|0|71065.40|678.15|0|2484.51|0|0|0|0|2316.56|27679.30|0|0|0|0|0|0|0|0|95.07|0|0|5966.43|111914.00|135924.00|5050.00|0|0|0|0|0|0|4071.53|22673.20|0|0|221.37|5738.59|114.10|0.00|0|0|0|24462.20|0|0|0|0|0|0|0|0|0|0|2400.00|0|64731.00|5000.00|0|0|0|27.77|0|0|5027.77|69758.80|91433.40|26977.00|0|0|14951.90|0|0|-52259.90|0|0|66164.90|0|66164.90|135924.00
000005|2014-12-31|5590.57|0|0|0|0|0|183.58|1241.10|0|0|0|0|0|15903.70|0|0|0|0|0|1538.50|0|0|0|0|24457.50|0|1628.40|0|71065.40|167.90|0|2613.05|9656.09|4636.68|5019.41|2427.25|2592.16|28078.80|0|0|0|0|0|0|0|0|96.72|0|0|5966.43|112209.00|136666.00|5350.00|0|0|0|0|0|0|3601.13|22719.00|0|0|227.55|5787.96|114.10|0.00|0|0|0|24467.40|0|0|0|0|0|0|0|0|0|0|2400.00|0|64667.10|5000.00|0|0|0|27.77|0|0|5027.77|69694.90|91433.40|26977.00|0|0|14951.90|0|0|-51453.30|0|0|66971.50|0|66971.50|136666.00
000005|2014-09-30|5132.47|0|0|0|0|0|240.91|10884.10|0|0|0|0|0|16224.20|0|0|0|0|0|1524.04|0|0|0|0|34005.80|0|0|0|81089.10|2918.13|0|2602.76|0|0|0|0|2305.06|29676.50|0|0|0|0|0|0|0|0|105.97|0|0|5966.43|124664.00|158670.00|13050.00|0|0|0|0|0|0|3364.57|22116.50|0|0|148.51|4571.53|113.72|0.00|0|0|0|55976.20|0|0|0|0|0|0|0|0|0|0|0|0|99341.10|0|0|0|0|32.98|0|0|32.98|99374.00|91433.40|26977.00|0|0|14951.90|0|0|-58964.50|0|0|59295.70|0|59295.70|158670.00
000005|2014-06-30|5106.85|0|0|0|0|0|236.46|10894.10|0|0|0|0|0|17603.90|0|0|0|0|0|1526.50|0|0|0|0|35367.80|0|0|0|81089.10|2918.13|0|2685.08|9408.17|4604.79|4803.38|2427.25|2376.12|28796.80|0|0|0|0|0|0|0|0|90.44|0|0|5966.43|123922.00|159290.00|13350.00|0|0|0|0|0|0|3299.26|22081.80|0|0|240.80|4554.74|113.72|0.00|0|0|0|55714.20|0|0|0|0|0|0|0|0|0|0|0|0|99354.50|0|0|0|0|32.98|0|0|32.98|99387.50|91433.40|26910.90|0|0|14951.90|0|0|-58291.70|0|-15102.00|59902.40|0|59902.40|159290.00
000005|2014-03-31|6474.49|0|0|0|0|0|239.37|993.30|0|0|0|0|0|17608.80|0|0|0|0|0|1549.91|0|0|0|0|26865.80|0|0|0|48809.10|2918.13|0|2709.46|0|0|0|0|2292.96|29676.50|0|0|0|0|0|0|0|0|150.89|0|0|5966.43|92523.50|119389.00|5350.00|0|0|0|0|0|3500.00|3294.14|22139.90|0|0|208.49|4550.30|113.72|0.00|0|0|0|18643.60|0|0|0|0|0|0|0|0|0|0|0|0|57800.20|0|0|0|0|32.98|0|0|32.98|57833.20|91433.40|26910.90|0|0|14951.90|0|0|-56637.90|0|-15102.00|61556.20|0|61556.20|119389.00
000001|2015-09-30|29722300.00|0|0|0|6265700.00|10796300.00|10418900.00|0|0|0|0|547100.00|1759700.00|25428500.00|0|0|712000.00|0|1194400.00|120927400.00|2704800.00|0|76600.00|26002200.00|0|0|56200.00|0|14500.00|24829000.00|0|440600.00|0|0|497200.00|756800.00|0|0|0|0|936700.00|1228700.00|0|259906000.00|360000.00|0|45259100.00|43574500.00|1684600.00|0|0|284400.00|738600.00|0|172332800.00|0|0|0|0|0|0|0|739300.00|2570800.00|278700.00|0|0|0|0|2500.00|0|0|19232500.00|0|0|1341700.00|244192400.00|1430900.00|5932600.00|0|0|0|633400.00|1911500.00|0|5940700.00|0|0|0|15713600.00|0|15713600.00|259906000.00
000001|2015-06-30|29861800.00|0|0|0|5691400.00|6314400.00|6926700.00|0|0|0|0|509000.00|3724600.00|30686900.00|0|0|737400.00|0|1126400.00|118783400.00|2878900.00|0|158600.00|24613700.00|0|0|56200.00|0|10700.00|27052900.00|0|369000.00|0|0|506400.00|756800.00|0|0|0|0|930800.00|1112600.00|0|257050800.00|292100.00|0|59297800.00|57504700.00|1793100.00|0|0|325200.00|562700.00|0|165511200.00|0|0|0|0|0|0|0|729300.00|2400100.00|97800.00|0|0|0|0|2500.00|0|0|10825400.00|0|0|1029100.00|241962800.00|1430900.00|5932600.00|0|0|0|633400.00|1911500.00|0|5325300.00|0|0|0|15088000.00|0|15088000.00|257050800.00
000001|2015-03-31|26670500.00|0|0|0|5463900.00|6756800.00|4636000.00|0|0|0|0|575800.00|4079000.00|18304800.00|0|0|861300.00|0|1163300.00|112416800.00|2285500.00|0|195400.00|23109400.00|0|0|48600.00|0|10900.00|24829100.00|0|369700.00|0|0|515700.00|756800.00|0|0|0|0|748400.00|1250800.00|0|230477500.00|408600.00|0|43131200.00|41757900.00|1373300.00|0|0|353700.00|488900.00|1842600.00|157843700.00|0|0|0|0|0|0|0|721200.00|2424100.00|144800.00|0|0|0|0|2500.00|0|0|7792100.00|0|0|995300.00|216807100.00|1142500.00|5227000.00|0|0|0|633400.00|1911500.00|0|4928500.00|0|0|0|13670400.00|0|13670400.00|230477500.00
000005|2013-12-31|4546.63|0|0|0|0|0|183.48|993.30|0|0|0|0|0|18821.40|0|0|0|0|0|1538.37|0|0|0|0|26083.20|0|0|0|48809.10|2918.13|0|2741.60|9408.17|4502.78|4905.39|2427.25|2478.13|29676.50|0|0|0|0|0|0|0|0|192.26|0|0|5966.43|92782.20|118865.00|3500.00|0|0|0|0|0|3500.00|3221.16|22912.30|0|0|224.83|4706.58|113.72|0.00|0|0|0|18229.40|0|0|0|0|0|0|0|0|0|0|0|0|56408.00|0|0|0|0|32.98|0|0|32.98|56441.00|91433.40|26910.90|0|0|14951.90|0|0|-55769.70|0|-15102.00|62424.40|0|62424.40|118865.00
000005|2013-09-30|906.42|0|0|0|0|0|223.81|1696.08|0|0|0|0|0|14698.90|0|0|0|0|0|1534.67|0|0|0|0|19059.90|0|0|0|50337.50|3047.73|0|8772.11|0|0|0|0|2285.22|30726.90|0|0|0|0|0|0|0|0|110.61|0|0|0|95280.10|114340.00|0|0|0|0|0|0|0|3978.05|21680.80|0|0|203.23|6177.01|114.26|0.00|0|0|0|16841.50|0|0|0|0|0|0|0|0|0|0|0|0|48994.80|0|0|0|0|35.22|0|0|35.22|49030.00|91433.40|26910.90|0|0|14951.90|0|0|-54436.50|0|-13549.70|65309.90|0|65309.90|114340.00
000005|2013-06-30|1002.37|0|0|0|0|0|146.12|1706.28|0|0|0|0|0|16047.70|0|0|0|0|0|1538.82|0|0|0|0|20441.30|0|0|0|50337.50|3047.73|0|8775.91|9160.36|4407.28|4753.09|2427.25|2325.83|32484.10|0|0|0|0|0|0|0|0|197.31|0|0|0|97168.40|117610.00|3000.00|0|0|0|0|0|0|3902.76|22869.80|0|0|222.08|6182.45|114.26|0.00|0|0|0|15318.90|0|0|0|0|0|0|0|0|0|0|0|0|51610.30|0|0|0|0|35.22|0|0|35.22|51645.50|91433.40|26910.90|0|0|14951.90|0|0|-53782.20|0|-13549.70|65964.20|0|65964.20|117610.00
000005|2013-03-31|1470.13|0|0|0|0|0|25.95|1725.71|0|0|0|0|0|15462.90|0|0|0|0|0|1545.76|0|0|0|0|20230.50|0|0|0|50337.50|3047.73|0|8791.32|0|0|0|0|2274.20|32232.20|0|0|0|0|0|0|0|0|348.70|0|0|0|97031.70|117262.00|3000.00|0|0|0|0|0|0|4055.34|22241.20|0|0|265.44|6349.88|117.28|0.00|0|0|0|13925.60|0|0|0|0|0|0|0|0|0|0|0|0|49954.70|0|0|0|0|35.22|0|0|35.22|49990.00|91433.40|26910.90|0|0|14951.90|0|0|-52460.00|0|-13563.80|67272.30|0|67272.30|117262.00
000006|2015-09-30|116699.00|0|0|0|0|0|1643.71|20687.50|0|0|0|0|0|10108.30|0|0|0|0|0|866258.00|0|0|0|0|1015400.00|0|545.73|0|0|0|0|106624.00|0|0|0|0|362.29|0|0|0|0|0|0|0|0|0|236.45|0|23989.40|91538.50|223297.00|1238690.00|20000.00|0|0|0|0|0|0|115699.00|100224.00|0|0|1440.17|70608.70|4789.22|228.77|0|0|0|8784.59|0|0|0|0|0|0|0|0|0|0|99600.00|0|421375.00|232931.00|149557.00|0|0|0|544.05|0|383033.00|804408.00|135000.00|48432.20|0|0|104165.00|0|0|137266.00|0|0|425207.00|9078.42|434286.00|1238690.00
000006|2015-06-30|106903.00|0|0|0|0|0|1654.00|225134.00|0|0|0|0|0|6558.74|0|0|0|0|0|613334.00|0|0|0|0|953584.00|0|684.49|0|0|0|0|107407.00|1376.01|1007.75|368.26|0|368.26|0|0|0|0|0|0|0|0|0|46.32|0|23360.10|91609.30|223476.00|1177060.00|10000.00|0|0|0|0|0|0|115345.00|81912.60|0|0|2018.02|71929.20|2680.08|228.77|0|0|0|9453.61|0|0|0|0|0|0|0|0|0|0|162400.00|0|455967.00|138500.00|149519.00|0|0|0|605.44|0|288625.00|744592.00|135000.00|48432.20|0|0|104165.00|0|0|135391.00|0|0|423437.00|9030.92|432468.00|1177060.00
000006|2015-03-31|156190.00|0|0|0|0|0|1697.44|221905.00|0|0|0|0|0|5782.55|0|0|0|0|0|608510.00|0|0|0|0|994086.00|0|603.67|0|0|0|0|107780.00|0|0|0|0|386.73|0|0|0|0|0|0|0|0|0|66.56|0|22372.90|91614.90|222825.00|1216910.00|20000.00|0|0|0|0|0|0|105769.00|77310.10|0|0|2859.21|76383.30|4078.61|228.77|0|0|0|53276.30|0|0|0|0|0|0|0|0|0|0|157800.00|0|497705.00|126600.00|149483.00|0|0|0|572.22|0|276655.00|774360.00|135000.00|48432.20|0|0|104165.00|0|0|145675.00|0|0|433660.00|8890.61|442551.00|1216910.00
000006|2013-12-31|205105.00|0|0|0|0|0|1749.99|10139.50|0|0|0|0|0|2174.50|0|0|0|0|0|551161.00|0|0|0|0|770330.00|0|43634.40|0|0|0|0|111181.00|1715.64|1175.94|539.70|0|539.70|0|0|0|0|0|0|2053.21|0|0|138.59|0|20620.70|48318.40|226486.00|996816.00|10000.00|0|0|0|0|0|0|120520.00|65396.10|0|0|4999.02|58033.60|48.33|93.56|0|0|0|8842.35|0|0|0|0|0|0|0|0|0|0|40000.00|0|307932.00|259828.00|0|0|0|322.83|10041.90|0|270193.00|578125.00|135000.00|74495.90|0|0|88140.20|0|0|111660.00|0|0|409296.00|9395.05|418691.00|996816.00
000006|2013-09-30|190035.00|0|0|0|0|0|1576.79|10139.50|0|0|0|0|0|2374.86|0|0|0|0|0|694275.00|0|0|0|0|898401.00|0|44019.40|0|0|0|0|109171.00|0|0|0|0|511.15|0|0|0|0|0|0|2067.09|0|0|136.76|0|28312.90|0|184218.00|1082620.00|0|0|0|0|0|0|0|94852.30|278777.00|0|0|2050.62|43202.00|0|0|0|0|0|8471.76|0|0|0|0|0|0|0|0|0|0|0|0|427354.00|260628.00|0|0|0|0|9259.93|0|269888.00|697242.00|135000.00|74784.50|0|0|77385.00|0|0|88728.00|0|0|375897.00|9480.15|385377.00|1082620.00
000006|2013-06-30|281539.00|0|0|0|0|0|1610.86|10139.50|0|0|0|0|0|5146.56|0|0|0|0|0|554233.00|0|0|0|0|852669.00|0|44048.10|0|0|0|0|109961.00|1677.38|1126.58|550.80|0|550.80|0|0|0|0|0|0|2080.96|0|0|323.11|0|31702.10|0|188666.00|1041340.00|0|0|0|0|0|0|0|101109.00|254054.00|0|0|2610.11|57753.40|0|0|0|0|0|9568.56|0|0|0|0|0|0|0|0|0|0|0|0|425094.00|230500.00|0|0|0|0|9276.75|0|239777.00|664871.00|135000.00|74806.10|0|0|77385.00|0|0|79822.70|0|0|367013.00|9450.90|376464.00|1041340.00
000006|2013-03-31|233539.00|0|0|0|0|0|1787.63|10100.00|0|0|0|0|0|2297.42|0|0|0|0|0|579692.00|0|0|0|0|827416.00|0|38038.60|0|0|0|0|89500.10|0|0|0|0|498.80|0|0|0|0|0|0|2094.83|0|0|254.75|0|34069.10|0|164456.00|991872.00|5000.00|0|0|0|0|0|0|97876.80|279226.00|0|0|2952.78|68747.80|0|0|0|0|0|10823.50|0|0|0|0|0|0|0|0|0|0|0|0|464627.00|155640.00|0|0|0|0|7700.70|0|163340.00|627967.00|128571.00|70299.00|0|0|77385.00|0|0|78262.10|0|0|354517.00|9388.14|363905.00|991872.00
000006|2014-12-31|136261.00|0|0|0|0|0|1602.50|123356.00|0|0|0|0|0|4823.41|0|0|0|0|0|681336.00|0|0|0|0|947379.00|0|533.30|0|0|0|0|108568.00|1359.91|941.28|418.63|0|418.63|0|0|0|0|0|0|0|0|0|78.56|0|26717.40|91626.40|227943.00|1175320.00|20000.00|0|0|0|0|0|0|118013.00|145070.00|0|0|2882.04|83190.50|2835.66|228.77|0|0|0|51524.70|0|0|0|0|0|0|0|0|0|0|116700.00|0|540445.00|212900.00|0|0|0|0|530.54|0|213431.00|753875.00|135000.00|48432.20|0|0|104165.00|0|0|125513.00|0|0|413445.00|8001.19|421447.00|1175320.00
000006|2014-09-30|169481.00|0|0|0|0|0|1644.20|85133.70|0|0|0|0|0|2879.53|0|0|0|0|0|702811.00|0|0|0|0|961949.00|0|9006.39|0|0|0|0|109350.00|0|0|0|0|453.42|0|0|0|0|0|0|0|0|0|98.15|0|26279.30|48598.00|193785.00|1155730.00|10000.00|0|0|0|0|0|0|100405.00|189804.00|0|0|1929.64|70067.00|2617.62|228.77|0|0|0|9296.94|0|0|0|0|0|0|0|0|0|0|109000.00|0|493349.00|258400.00|0|0|0|0|3087.01|0|261487.00|754836.00|135000.00|48506.80|0|0|88140.20|0|0|114695.00|0|0|391814.00|9083.75|400898.00|1155730.00
000006|2014-06-30|220342.00|0|0|0|0|0|1684.76|24314.10|0|0|0|0|0|2479.57|0|0|0|0|0|632728.00|0|0|0|0|881548.00|0|37053.40|0|0|0|0|110130.00|1433.46|936.08|497.39|0|497.39|0|0|0|0|0|0|0|0|0|117.89|0|23110.90|48502.50|219412.00|1100960.00|10000.00|0|0|0|0|0|0|101211.00|138553.00|0|0|2751.77|64635.60|1776.42|283.44|0|0|0|9437.90|0|0|0|0|0|0|0|0|0|0|74000.00|0|402649.00|292100.00|0|0|0|322.83|8379.58|0|300802.00|703452.00|135000.00|69560.10|0|0|88140.20|0|0|95649.60|0|0|388349.00|9159.11|397508.00|1100960.00